1552056520 1.0
1552056520 0.5
1552056520 0.3333333333333333
1552056520 0.25
1552056520 0.2
1552056520 0.16666666666666666
1552056520 0.14285714285714285
1552056520 0.125
1552056520 0.1111111111111111
1552056562 1.0
1552056562 0.5
1552056562 0.3333333333333333
1552056562 0.25
1552056562 0.2
1552056562 0.16666666666666666
1552056562 0.14285714285714285
1552056562 0.125
1552056562 0.1111111111111111
1552056716 1.0339819638587222
1552056716 0.47268411335331356
1552056716 0.31591791843741623
1552056716 0.2533008645145943
1552056716 0.1906000876618336
1552056716 0.17098193417270882
1552056716 0.1364013536215916
1552056716 0.13073844799886822
1552056716 0.1085568483264661
1552056753 0.9809749466402384
1552056753 0.49514029854741104
1552056753 0.34070474966288283
1552056753 0.23782756629180354
1552056753 0.1966967771338679
1552056753 0.1595661226812622
1552056753 0.1368444076714436
1552056753 0.11743373667831308
1552056753 0.11143528496943496
1552056753 0.10822572099373745
1552056753 0.08356611693406524
1552056753 0.07811570648396204
1552056753 0.08325817720086466
1552056753 0.07290331367309863
1552056753 0.06883682348751775
1552056753 0.06381842867887814
1552056753 0.053428392298247696
1552056753 0.057746835404289945
1552056753 0.05402074955930003
1552056753 0.051972261491873874
1552056753 0.04803378728194743
1552056753 0.04510297316420225
1552056753 0.044669342694601884
1552056753 0.045149191290042946
1552056753 0.03616551753232101
1552056753 0.040229896965267645
1552056753 0.03798985627875096
1552056753 0.03890073131348242
1552056754 0.03176927366939881
1552056754 0.035833790136799396
1552056754 0.03316153367136633
1552056754 0.028418093108447774
1552056754 0.03250926833060744
1552056754 0.03159810866167713
1552056754 0.030113131590800462
1552056754 0.030081971024638103
1552056754 0.02859036136320454
1552056754 0.024446052889691216
1552056754 0.027955738936532564
1552056754 0.026451077231158027
1552056754 0.0249263291384259
1552056754 0.024723849575666004
1552056754 0.023994652441045337
1552056754 0.022752316828092048
1552056754 0.02404227523814723
1552056754 0.023366638012704808
1552056754 0.021428641451091326
1552056754 0.019203088607829637
1552056754 0.022036387576064957
1552056754 0.02132674725652774
1552056754 0.0197052568372151
1552056754 0.01987808377729194
1552056754 0.017137215914255995
1552056754 0.01802256644403592
1552056754 0.016436521667261436
1552056754 0.019624078221774983
1552056754 0.01689433467453523
1552056754 0.017849684570365048
1552056754 0.016991819087714233
1552056754 0.01725251659181564
1552056754 0.017613226198191133
1552056754 0.01636895432575239
1552056754 0.015382041770592282
1552056754 0.015427431537557679
1552056754 0.015409735162424616
1552056754 0.015619363914181079
1552056754 0.014282665336751118
1552056754 0.013571882579608537
1552056754 0.014883024796103782
1552056754 0.013824461674047323
1552056754 0.013247641908125062
1552056754 0.014560939449405381
1552056754 0.012941474926031808
1552056754 0.013213006622556504
1552056754 0.013676153587991484
1552056754 0.013128832764438507
1552056754 0.01284552788967439
1552056754 0.013538126684573056
1552056754 0.012370682731431335
1552056754 0.01158459997312797
1552056754 0.012727508843893983
1552056754 0.0113463059114485
1552056754 0.011415191595827053
1552056754 0.012582535885037589
1552056754 0.010690134548477838
1552056754 0.012204660150357982
1552056754 0.01150762344852813
1552056754 0.011691595383798095
1552056754 0.011034084978705219
1552056754 0.010602618151688836
1552056754 0.011955480636516618
1552056754 0.011785855743730159
1552056754 0.011149976291775702
1552056754 0.009797136749460315
1552056754 0.00968537148035643
1552056754 0.010285998973874957
1552056754 0.009535731827097403
1552056754 0.010261668080087926
1552056754 0.010051059829429195
1552056764 0.09833852735635465
1552056764 0.09184332407137921
1552056764 0.08437759082165629
1552056764 0.08247411067514526
1552056764 0.06588070616970734
1552056764 0.06739163656420914
1552056764 0.06653938821048258
1552056764 0.0644181036585248
1552056764 0.0570925120924902
1552056764 0.05319354107931038
1552056764 0.05227344700345201
1552056764 0.045672589760241813
1552056764 0.043928219065626856
1552056764 0.04131151296229907
1552056764 0.04121528320146205
1552056764 0.03904025734589069
1552056764 0.03736502822301933
1552056764 0.04022959285899057
1552056764 0.034468965244579756
1552056764 0.03606577558020708
1552056764 0.033549089701380506
1552056764 0.02996976898473728
1552056764 0.029949487793180712
1552056764 0.028567060779082956
1552056764 0.029932543562157927
1552056764 0.028024177461542923
1552056764 0.025434330452456272
1552056764 0.0263733271490432
1552056764 0.02765225623497221
1552056764 0.025850105948122783
1552056764 0.024709470253362956
1552056764 0.022090612452270685
1552056764 0.02449980978025287
1552056764 0.02214894660768642
1552056764 0.021700284947526852
1552056764 0.020555903662380814
1552056764 0.021286407050226917
1552056764 0.022950762775048913
1552056764 0.020383269376352982
1552056764 0.021901605131585556
1552056764 0.021515668616584802
1552056764 0.017933830583270062
1552056764 0.01895570037599759
1552056764 0.018342360729499952
1552056764 0.01751438590728374
1552056764 0.01751958222856321
1552056764 0.01816503991812509
1552056764 0.016232683705172706
1552056764 0.017195382845031637
1552056764 0.016883761512029964
1552056764 0.017827961931057977
1552056764 0.015496643573146745
1552056764 0.017330530073128594
1552056764 0.015143459912689715
1552056764 0.015144744451482636
1552056764 0.014244221633710724
1552056764 0.014858016364392638
1552056764 0.015893793199838656
1552056764 0.015752816955405227
1552056764 0.015290685605376376
1552056764 0.014557737413760931
1552056764 0.013270666752451482
1552056764 0.013946465162754544
1552056764 0.012406371601492607
1552056764 0.012726963991063411
1552056764 0.012831653981039559
1552056764 0.013949459055059364
1552056764 0.014236778702489223
1552056764 0.01217266445572186
1552056764 0.011467142950620507
1552056764 0.012391456235929146
1552056764 0.013474433880340846
1552056764 0.011334676351778547
1552056764 0.011721226239095283
1552056764 0.012181318582550105
1552056764 0.012389789048023235
1552056765 0.011431069337963047
1552056765 0.01083515799580512
1552056765 0.010239917292499547
1552056765 0.011044705553206573
1552056765 0.010126312924004482
1552056765 0.010209003763572
1552056765 0.011555465851475651
1552056765 0.01129900200432141
1552056765 0.01033950921559911
1552056765 0.011243056777065477
1552056765 0.010537707218383617
1552056765 0.010650610715453868
1552056765 0.009269079077519359
1552056765 0.009347716284191286
