1552056781 0.10575320473360274
1552056781 0.09721623683155349
1552056781 0.0866546328843048
1552056781 0.08147502186700753
1552056781 0.07359470755399676
1552056781 0.07326280380482088
1552056781 0.06097641681623681
1552056781 0.05962793760751082
1552056781 0.051497785688768456
1552056781 0.05544718880578024
1552056781 0.04597511753425642
1552056781 0.04990539941195691
1552056781 0.04857319222150223
1552056781 0.04545677845904408
1552056781 0.044888373962636195
1552056781 0.036643084518847194
1552056781 0.037707139218052785
1552056781 0.03744315234850617
1552056781 0.03429615262780088
1552056781 0.03501686827691589
1552056781 0.032925900912984786
1552056781 0.029439330177637744
1552056781 0.03133221054278387
1552056781 0.03274138509621825
1552056781 0.02744898254721968
1552056781 0.029393939486833758
1552056781 0.02502894299880002
1552056781 0.026515652453621773
1552056781 0.028189252400740893
1552056781 0.023509719142491038
1552056781 0.024031905185821763
1552056781 0.02217051609876913
1552056781 0.026113419877840563
1552056781 0.02334633743959473
1552056781 0.0218506263220014
1552056781 0.02404481123534715
1552056781 0.0214981044704481
1552056781 0.020129989188165415
1552056781 0.0217051852964582
1552056781 0.02230247536862608
1552056781 0.02136583375738395
1552056781 0.0187212115957276
1552056781 0.02042707961363633
1552056781 0.017468290137959516
1552056781 0.01673588610176334
1552056781 0.017689957628332975
1552056781 0.018028899664632187
1552056781 0.016517011112716754
1552056781 0.016486656578372078
1552056781 0.017900339420161813
1552056781 0.01516223429978836
1552056781 0.017647750942712325
1552056781 0.01735002012952952
1552056781 0.015312731955778458
1552056781 0.014584499016939274
1552056781 0.015111967833653947
1552056781 0.013690488549560542
1552056781 0.015305009615469828
1552056781 0.015291535900058384
1552056781 0.013064510597083065
1552056781 0.015292184513681365
1552056781 0.013597371092652858
1552056781 0.012921966552298547
1552056781 0.012753239053026331
1552056781 0.013584077205014769
1552056781 0.013449695793346757
1552056781 0.013994334084573366
1552056781 0.013870298149155708
1552056781 0.011748023123362034
1552056782 0.012191678242814448
1552056782 0.01362727025975764
1552056782 0.01260260430418702
1552056782 0.011536866236695583
1552056782 0.01302380825636095
1552056782 0.010894411331110816
1552056782 0.011060926497038619
1552056782 0.0107357597721383
1552056782 0.011371791964508307
1552056782 0.011261691969993267
1552056782 0.011581887996017875
1552056782 0.011746872335938548
1552056782 0.012024101538939472
1552056782 0.01180081297136
1552056782 0.010191392865061356
1552056782 0.01070850051775066
1552056782 0.011508498256152844
1552056782 0.00995351622923544
1552056782 0.010102491016493065
1552056782 0.00982686366942482
1552056782 0.010923690550662508
