1552056917 1.442067154549428
1552056917 0.7801849030226841
1552056917 0.7289929251721554
1552056917 0.3656437393749483
1552056917 0.4931540866122516
1552056917 0.31596061363260297
1552056917 0.27069370051741526
1552056917 0.29123550450796915
1552056917 0.2197760034696733
1552056917 0.15728855030844474
1552056917 0.194875928936312
1552056917 0.19713811826233052
1552056917 0.1997020773716289
1552056917 0.11528494191181167
1552056917 0.1405225526160903
1552056917 0.12787615133929886
1552056917 0.09039478503104326
1552056917 0.09449695242693705
1552056917 0.08892485270204974
1552056917 0.08134961558270046
1552056917 0.08504668076273922
1552056917 0.09020235042980444
1552056917 0.09333915287506751
1552056917 0.09265183435147878
1552056917 0.058683348365999644
1552056917 0.08350998348183448
1552056917 0.08585343231067463
1552056917 0.06403391400614386
1552056917 0.06271084708250545
1552056929 1.6057273151621416
1552056929 1.0915126841880562
1552056929 0.6110715397658057
1552056929 0.46600817450115284
1552056929 0.5131415861367907
1552056929 0.42308011850043603
1552056929 0.23970221677240267
1552056929 0.19437105586693662
1552056929 0.15702907218999365
1552056929 0.16202154293080795
1552056929 0.2288130783925978
1552056929 0.18990533143454066
1552056929 0.14824323196416125
1552056929 0.160505215036634
1552056929 0.11907189546517545
1552056929 0.13438014184865835
1552056929 0.09737293036056985
1552056929 0.10717950542243557
1552056929 0.09263755107564178
1552056929 0.11001725860629524
1552056929 0.10085995718352543
1552056929 0.07400786809301868
1552056929 0.08843302989737971
1552056929 0.07485511903394274
1552056929 0.07132619714897676
1552056929 0.08564767852098046
1552056929 0.06286026615794414
1552056929 0.08413906967202014
1552056929 0.06400572311312011
1552056941 2.3334888432859486
1552056941 1.083385258811975
1552056941 0.7301014022835672
1552056941 0.4708043214755606
1552056941 0.32600162986447595
1552056941 0.38906299703141145
1552056941 0.23969622329032636
1552056941 0.2913926540116845
1552056941 0.257690454849855
1552056941 0.2374574723009168
1552056941 0.21233090170646862
1552056941 0.19744419389755724
1552056941 0.15313108055664343
1552056941 0.13655878373774097
1552056942 0.1499123944577031
1552056942 0.13074551187494202
1552056942 0.13967915871084477
1552056942 0.11704400608781297
1552056942 0.12254445879147816
1552056942 0.09155414410210945
1552056942 0.07911290409198544
1552056942 0.09355257780424453
1552056942 0.08154866443524003
1552056942 0.08265561157836487
1552056942 0.06575553651853265
1552056942 0.08031777554193294
1552056942 0.06329318893334634
1552056942 0.057503509728827416
1552056942 0.06586033787736534
1552057046 2.0199742550653177
1552057046 1.1054394397475196
1552057046 0.7203091182503397
1552057046 0.48184556830923186
1552057046 0.4007891428053821
1552057046 0.2774036816098575
1552057046 0.28916220879649424
1552057046 0.23900324177819499
1552057046 0.19103969228678305
1552057046 0.16800367782846348
1552057046 0.15228463347639382
1552057046 0.18190847549507994
1552057046 0.14473098032344747
1552057046 0.16928044997142014
1552057046 0.14572823059694412
1552057046 0.11944176766943712
1552057046 0.13862428724250056
1552057046 0.09920734267642872
1552057046 0.11818259546372252
1552057046 0.10780719499765475
1552057046 0.09475788951585555
1552057046 0.08639574660285408
1552057046 0.08658344559925285
1552057046 0.08158379265903012
1552057046 0.07425707338830162
1552057046 0.0881928207757581
1552057046 0.07374283918594059
1552057046 0.0773523146800679
1552057046 0.06775568192080557
1552057068 2.9719393715031948
1552057068 1.2279104807123535
1552057068 0.9618057790323796
1552057068 0.7025948859819933
1552057068 0.49995446547022315
1552057068 0.5547896344400013
1552057068 0.40231298062159143
1552057068 0.4390055302777387
1552057068 0.39251890912940757
1552057068 0.3020968107872844
1552057068 0.26731909195171477
1552057068 0.2714561312966048
1552057068 0.2485053135168336
1552057068 0.1857211916100475
1552057068 0.21702997745688066
1552057069 0.1763514532399983
1552057069 0.21014548908553574
1552057069 0.1493167182411051
1552057069 0.15565637889033354
1552057069 0.13839788898540534
1552057069 0.12219280181699516
1552057069 0.11733229771818915
1552057069 0.15641871677833394
1552057069 0.10506119587475608
1552057069 0.1268662774893716
1552057069 0.10470765458479724
1552057069 0.11626970676812491
1552057069 0.08862808264402637
1552057069 0.09039710115264037
1552057078 1.1386531276464036
1552057079 0.594261716900806
1552057079 0.2790867015018552
1552057079 0.26477415241525754
1552057079 0.16395734014398486
1552057079 0.19713910341196256
1552057079 0.1536984491848806
1552057079 0.11804404746530353
1552057079 0.12255834410910305
1552057079 0.1174702026490345
1552057079 0.10856197041372323
1552057079 0.09096154081278715
1552057079 0.08103474902804772
1552057079 0.08387476138017516
1552057079 0.06869059351405696
1552057079 0.06427882031151994
1552057079 0.06560570511499074
1552057079 0.05580027705335402
1552057079 0.06069098242606117
1552057079 0.053825936864442606
1552057079 0.043828435779481284
1552057079 0.03775218681521823
1552057079 0.04803718269936932
1552057079 0.04271401327064867
1552057079 0.04085223747417018
1552057079 0.033646082284209865
1552057079 0.040831400089195745
1552057079 0.03323708500871275
1552057079 0.03356073280672228
1552057099 1.145665787176453
1552057099 0.5441240393239415
1552057099 0.38387306711144065
1552057099 0.25162324279602943
1552057099 0.176035922257721
1552057099 0.16585345955862707
1552057099 0.14222996998497348
1552057099 0.10289978845418858
1552057099 0.10345524044749714
