1552056848 1.0686838195306119
1552056848 0.5195960419675232
1552056848 0.3377428934321584
1552056848 0.2312586205744656
1552056848 0.21043151772665375
1552056848 0.160747641214993
1552056848 0.14738620274550204
1552056848 0.11901861898328858
1552056848 0.10205774285424225
1552056848 0.09442083817098235
1552056848 0.09916080636072608
1552056848 0.07702141289232084
1552056848 0.08444983917353589
1552056849 0.07148667651932814
1552056849 0.06577891463542566
1552056849 0.06715236899623406
1552056849 0.055475897388248506
1552056849 0.05186533930904706
1552056849 0.05456898553884718
1552056849 0.05353035332304784
1552056849 0.045904783232769766
1552056849 0.04540061229699729
1552056849 0.04726868201187406
1552056849 0.0381428754923318
1552056849 0.03779819942850571
1552056849 0.035295142822794195
1552056849 0.03842832850976263
1552056849 0.03515492215208324
1552056849 0.03153490687364503
