1552056877 1.8768495101001832
1552056877 0.9234685226504024
1552056877 0.7137032438357114
1552056877 0.5860139299435301
1552056877 0.4119571991057215
1552056877 0.3811767905724005
1552056877 0.25912778031460887
1552056877 0.27345777166106433
1552056877 0.2066176587473032
1552056877 0.17141360549400658
1552056877 0.18608891410801096
1552056877 0.18929062927826917
1552056877 0.1336509570893527
1552056877 0.12220225570056235
1552056877 0.12258401744216671
1552056877 0.14831062455195276
1552056877 0.09501500423951886
1552056877 0.1029777444616272
1552056877 0.09441184172787837
1552056877 0.11982212783301902
1552056877 0.07906570570157999
1552056877 0.08258040690150553
1552056877 0.10411858183256512
1552056877 0.0782670701062274
1552056877 0.06623987616902534
1552056877 0.06505658366421375
1552056877 0.06317251452871644
1552056877 0.05841170481947151
1552056877 0.07042522073571422
