1552056829 0.9419364809585956
1552056829 0.5269729322910021
1552056829 0.33455805276357714
1552056829 0.26503905025347346
1552056829 0.2176744757192572
1552056829 0.16191316865063363
1552056829 0.1547462891252162
1552056829 0.1287402760440815
1552056829 0.1213859716574131
1552056829 0.10204795162495688
1552056829 0.09613820230312675
1552056829 0.08238874627419421
1552056829 0.07349278433808605
1552056829 0.06436307640877699
1552056829 0.06930732732642574
1552056829 0.06110540212682711
1552056829 0.05923282858591762
1552056829 0.05985895599391978
1552056829 0.051064622316719696
1552056829 0.04805552872952699
1552056829 0.04467675563829764
1552056829 0.04330452604654793
1552056829 0.045050236471537664
1552056829 0.040769889555331264
1552056829 0.0434505162439444
1552056829 0.04227127047178034
1552056829 0.038521955553398074
1552056829 0.03855285552138441
1552056829 0.03448563092392842
1552056829 0.035594553856076
1552056829 0.02974469505249425
1552056829 0.030045826746967066
1552056829 0.03129389258901496
1552056829 0.029071389495999925
1552056829 0.031034447789332762
1552056829 0.030239521609879846
1552056829 0.024427392760109707
1552056829 0.026156302162439565
1552056829 0.025152446720867083
1552056829 0.02403136631873661
1552056829 0.02630364724155042
1552056829 0.021430733771588866
1552056829 0.023456292606466533
1552056829 0.02156882591839568
1552056829 0.02328910285781051
1552056829 0.02080890658515523
1552056829 0.022560827933290357
1552056829 0.02217772260012512
1552056829 0.021357583524448772
1552056829 0.019235670614730516
1552056829 0.01887352597054674
1552056829 0.018667338771312887
1552056829 0.01797954264963424
1552056829 0.018857852764021646
1552056829 0.01749893124035768
1552056829 0.01878017588347814
1552056829 0.016482631091870006
1552056829 0.015918192952311793
1552056829 0.01736978271220981
1552056829 0.017658555625322342
1552056829 0.016791897869001527
1552056829 0.014689513220728156
1552056829 0.015920552687915993
1552056829 0.015616856151930002
1552056829 0.013949411690470518
1552056829 0.014776677537290913
1552056829 0.013724092978508603
1552056829 0.014605060853848146
1552056829 0.015545404732883458
1552056829 0.015204704744157747
1552056829 0.01427744527520374
1552056830 0.014870716865000664
1552056830 0.01302989082654169
1552056830 0.014786906165645083
1552056830 0.01411822193798351
1552056830 0.012294171159431449
1552056830 0.012278349724937443
1552056830 0.013337091192550199
1552056830 0.011913135371115222
1552056830 0.011373404107325224
1552056830 0.011893046147081135
1552056830 0.010978770629979859
1552056830 0.011544265746452575
1552056830 0.012022882337982531
1552056830 0.01265503368108056
1552056830 0.01190564895810035
1552056830 0.012420034513816007
1552056830 0.01231052342713584
1552056830 0.012140122646959824
1552056830 0.011028758181954722
1552056830 0.011350858538258294
1552056830 0.011381931466183702
1552056830 0.011274158175873308
1552056830 0.010374289548188904
1552056830 0.010797344659492877
1552056830 0.01060082160982746
1552056830 0.011000456949408715
1552056830 0.01086552294824858
1552056830 0.00966249277729218
